
此处为概率表
  100    100    250    500    500    700   2000   2100    400   3250    100      0      0      0  
    0      0      0      0      0      0      0   3000      0   2000      0   5000      0      1  
  100    100    250    500    500    700   2000   2100    200   3250    100      0      0      2  
    0      0      0      0      0      0      0   3000      0   2000      0   5000      0      3  
  100    100    250    500    500    700   2000   2100    400   3250    100      0      0      4  
  500    500    850    700    600    500    600    500   1000   3250   1000      0      1      0  
  400    400    850    700    600    500    800    600   1000   3250    900      0      1      1  
  400    400    850    700    600    500    800    600   1000   3250    900      0      1      2  
  400    400    850    700    600    500    800    600   1000   3250    900      0      1      3  
  500    500    850    700    600    500    600    500   1000   3250   1000      0      1      4  
  500    500   1000   1000   1000   1500    500    500   2000      0   1500      0      2      0  
  500    500   1000   1000   1000   1500    500    500   2000      0   1500      0      2      2  
  500    500   1000   1000   1000   1500    500    500   2000      0   1500      0      2      4  
  500    500   1000   1000   1000   1500    500    500   2000      0   1500      0      3      0  
  500    500   1000   1000   1000   1500    500    500   2000      0   1500      0      3      1  
  500    500   1000   1000   1000   1500    500    500   2000      0   1500      0      3      3  
  500    500   1000   1000   1000   1500    500    500   2000      0   1500      0      3      4  
  500    500   1000   1000   1000   1500    500    500   2000      0   1500      0      4      0  
  500    500   1000   1000   1000   1500    500    500   2000      0   1500      0      4      2  
  500    500   1000   1000   1000   1500    500    500   2000      0   1500      0      4      4  
  500    500   1000   1000   1200   2800   1500   1500      0      0      0      0      5      0  
  500    500   1000   1000   1000   1000   1500   1500   2000      0      0      0      5      1  
  500    500   1000   1000   1100   2800   1600   1500      0      0      0      0      5      2  
  500    500   1000   1000   1000   1000   1500   1500   2000      0      0      0      5      3  
  500    500   1000   1000   1200   2800   1500   1500      0      0      0      0      5      4  
10000  10000  20000  20000  20000  20000  30000  30000  30000  30000  20000  10000      0      0  

此处为概率表
  100    100    250    500    500    700   2000   2100    400   3250    100      0      0      0  
    0      0      0      0      0      0      0   3000      0   2000      0   5000      0      1  
  100    100    250    500    500    700   2000   2100    200   3250    100      0      0      2  
    0      0      0      0      0      0      0   3000      0   2000      0   5000      0      3  
  100    100    250    500    500    700   2000   2100    400   3250    100      0      0      4  
  500    500    850    700    600    500    600    500   1000   3250   1000      0      1      0  
  400    400    850    700    600    500    800    600   1000   3250    900      0      1      1  
  400    400    850    700    600    500    800    600   1000   3250    900      0      1      2  
  400    400    850    700    600    500    800    600   1000   3250    900      0      1      3  
  500    500    850    700    600    500    600    500   1000   3250   1000      0      1      4  
  500    500   1000   1000   1000   1500    500    500   2000      0   1500      0      2      0  
  500    500   1000   1000   1000   1500    500    500   2000      0   1500      0      2      2  
  500    500   1000   1000   1000   1500    500    500   2000      0   1500      0      2      4  
  500    500   1000   1000   1000   1500    500    500   2000      0   1500      0      3      0  
  500    500   1000   1000   1000   1500    500    500   2000      0   1500      0      3      1  
  500    500   1000   1000   1000   1500    500    500   2000      0   1500      0      3      3  
  500    500   1000   1000   1000   1500    500    500   2000      0   1500      0      3      4  
  500    500   1000   1000   1000   1500    500    500   2000      0   1500      0      4      0  
  500    500   1000   1000   1000   1500    500    500   2000      0   1500      0      4      2  
  500    500   1000   1000   1000   1500    500    500   2000      0   1500      0      4      4  
  500    500   1000   1000   1200   2800   1500   1500      0      0      0      0      5      0  
  500    500   1000   1000   1000   1000   1500   1500   2000      0      0      0      5      1  
  500    500   1000   1000   1100   2800   1600   1500      0      0      0      0      5      2  
  500    500   1000   1000   1000   1000   1500   1500   2000      0      0      0      5      3  
  500    500   1000   1000   1200   2800   1500   1500      0      0      0      0      5      4  
10000  10000  20000  20000  20000  30000  22200  27600  30000  30000  20000  10000      0      0  

此处为概率表
  100    100    250    500    500    700   2000   2100    400   3250    100      0      0      0  
    0      0      0      0      0      0      0   3000      0   2000      0   5000      0      1  
  100    100    250    500    500    700   2000   2100    200   3250    100      0      0      2  
    0      0      0      0      0      0      0   3000      0   2000      0   5000      0      3  
  100    100    250    500    500    700   2000   2100    400   3250    100      0      0      4  
  500    500    850    700    600    500    600    500   1000   3250   1000      0      1      0  
  400    400    850    700    600    500    800    600   1000   3250    900      0      1      1  
  400    400    850    700    600    500    800    600   1000   3250    900      0      1      2  
  400    400    850    700    600    500    800    600   1000   3250    900      0      1      3  
  500    500    850    700    600    500    600    500   1000   3250   1000      0      1      4  
  500    500   1000   1000   1000   1500    500    500   2000      0   1500      0      2      0  
  500    500   1000   1000   1000   1500    500    500   2000      0   1500      0      2      2  
  500    500   1000   1000   1000   1500    500    500   2000      0   1500      0      2      4  
  500    500   1000   1000   1000   1500    500    500   2000      0   1500      0      3      0  
  500    500   1000   1000   1000   1500    500    500   2000      0   1500      0      3      1  
  500    500   1000   1000   1000   1500    500    500   2000      0   1500      0      3      3  
  500    500   1000   1000   1000   1500    500    500   2000      0   1500      0      3      4  
  500    500   1000   1000   1000   1500    500    500   2000      0   1500      0      4      0  
  500    500   1000   1000   1000   1500    500    500   2000      0   1500      0      4      2  
  500    500   1000   1000   1000   1500    500    500   2000      0   1500      0      4      4  
  500    500   1000   1000   1200   2800   1500   1500      0      0      0      0      5      0  
  500    500   1000   1000   1000   1000   1500   1500   2000      0      0      0      5      1  
  500    500   1000   1000   1100   2800   1600   1500      0      0      0      0      5      2  
  500    500   1000   1000   1000   1000   1500   1500   2000      0      0      0      5      3  
  500    500   1000   1000   1200   2800   1500   1500      0      0      0      0      5      4  
10000  10000  20000  20000  20000  20000  30000  30000  30000  30000  20000  10000      0      0  

此处为概率表
  100    100    250    500    500    700   2000   2100    400   3250    100      0      0      0  
    0      0      0      0      0      0      0   3000      0   2000      0   5000      0      1  
  100    100    250    500    500    700   2000   2100    200   3250    100      0      0      2  
    0      0      0      0      0      0      0   3000      0   2000      0   5000      0      3  
  100    100    250    500    500    700   2000   2100    400   3250    100      0      0      4  
  500    500    850    700    600    500    600    500   1000   3250   1000      0      1      0  
  400    400    850    700    600    500    800    600   1000   3250    900      0      1      1  
  400    400    850    700    600    500    800    600   1000   3250    900      0      1      2  
  400    400    850    700    600    500    800    600   1000   3250    900      0      1      3  
  500    500    850    700    600    500    600    500   1000   3250   1000      0      1      4  
  500    500   1000   1000   1000   1500    500    500   2000      0   1500      0      2      0  
  500    500   1000   1000   1000   1500    500    500   2000      0   1500      0      2      2  
  500    500   1000   1000   1000   1500    500    500   2000      0   1500      0      2      4  
  500    500   1000   1000   1000   1500    500    500   2000      0   1500      0      3      0  
  500    500   1000   1000   1000   1500    500    500   2000      0   1500      0      3      1  
  500    500   1000   1000   1000   1500    500    500   2000      0   1500      0      3      3  
  500    500   1000   1000   1000   1500    500    500   2000      0   1500      0      3      4  
  500    500   1000   1000   1000   1500    500    500   2000      0   1500      0      4      0  
  500    500   1000   1000   1000   1500    500    500   2000      0   1500      0      4      2  
  500    500   1000   1000   1000   1500    500    500   2000      0   1500      0      4      4  
  500    500   1000   1000   1200   2800   1500   1500      0      0      0      0      5      0  
  500    500   1000   1000   1000   1000   1500   1500   2000      0      0      0      5      1  
  500    500   1000   1000   1100   2800   1600   1500      0      0      0      0      5      2  
  500    500   1000   1000   1000   1000   1500   1500   2000      0      0      0      5      3  
  500    500   1000   1000   1200   2800   1500   1500      0      0      0      0      5      4  
10000  10000  20000  20000  20000  30000  22200  27600  30000  30000  20000  10000      0      0  
